def formingMagicSquare(s):
    ans = []
    
    m1 = [[8,3,4],[1,5,9],[6,7,2]]
    m2 = [[8,1,6],[3,5,7],[4,9,2]]
    m3 = [[2,9,4],[7,5,3],[6,1,8]]
    m4 = [[6,7,2],[1,5,9],[8,3,4]]
    m5 = [[4,3,8],[9,5,1],[2,7,6]]
    m6 = [[2,7,6],[9,5,1],[4,3,8]]
    m7 = [[4,9,2],[3,5,7],[8,1,6]]
    m8 = [[6,1,8],[7,5,3],[2,9,4]]
    
    for i in [m1,m2,m3,m4,m5,m6,m7,m8]:
        c = 0
        test = s[:]
        for j in range(3):
            c+= abs(s[0][j]-i[0][j])+abs(s[1][j]-i[1][j])+abs(s[2][j]-i[2][j])
        ans.append(c)
    return min(ans)



print(formingMagicSquare([[5,3,4],[1,5,8],[6,4,2]]))

